-73.000000
-72.371898
-71.747584
-71.127046
-70.510272
-69.897250
-69.287968
-68.682414
-68.080576
-67.482442
-66.888000
-66.297238
-65.710144
-65.126706
-64.546912
-63.970750
-63.398208
-62.829274
-62.263936
-61.702182
-61.144000
-60.589378
-60.038304
-59.490766
-58.946752
-58.406250
-57.869248
-57.335734
-56.805696
-56.279122
-55.756000
-55.236318
-54.720064
-54.207226
-53.697792
-53.191750
-52.689088
-52.189794
-51.693856
-51.201262
-50.712000
-50.226058
-49.743424
-49.264086
-48.788032
-48.315250
-47.845728
-47.379454
-46.916416
-46.456602
-46.000000
-45.546598
-45.096384
-44.649346
-44.205472
-43.764750
-43.327168
-42.892714
-42.461376
-42.033142
-41.608000
-41.185938
-40.766944
-40.351006
-39.938112
-39.528250
-39.121408
-38.717574
-38.316736
-37.918882
-37.524000
-37.132078
-36.743104
-36.357066
-35.973952
-35.593750
-35.216448
-34.842034
-34.470496
-34.101822
-33.736000
-33.373018
-33.012864
-32.655526
-32.300992
-31.949250
-31.600288
-31.254094
-30.910656
-30.569962
-30.232000
-29.896758
-29.564224
-29.234386
-28.907232
-28.582750
-28.260928
-27.941754
-27.625216
-27.311302
-27.000000
-26.691298
-26.385184
-26.081646
-25.780672
-25.482250
-25.186368
-24.893014
-24.602176
-24.313842
-24.028000
-23.744638
-23.463744
-23.185306
-22.909312
-22.635750
-22.364608
-22.095874
-21.829536
-21.565582
-21.304000
-21.044778
-20.787904
-20.533366
-20.281152
-20.031250
-19.783648
-19.538334
-19.295296
-19.054522
-18.816000
-18.579718
-18.345664
-18.113826
-17.884192
-17.656750
-17.431488
-17.208394
-16.987456
-16.768662
-16.552000
-16.337458
-16.125024
-15.914686
-15.706432
-15.500250
-15.296128
-15.094054
-14.894016
-14.696002
-14.500000
-14.305998
-14.113984
-13.923946
-13.735872
-13.549750
-13.365568
-13.183314
-13.002976
-12.824542
-12.648000
-12.473338
-12.300544
-12.129606
-11.960512
-11.793250
-11.627808
-11.464174
-11.302336
-11.142282
-10.984000
-10.827478
-10.672704
-10.519666
-10.368352
-10.218750
-10.070848
 -9.924634
 -9.780096
 -9.637222
 -9.496000
 -9.356418
 -9.218464
 -9.082126
 -8.947392
 -8.814250
 -8.682688
 -8.552694
 -8.424256
 -8.297362
 -8.172000
 -8.048158
 -7.925824
 -7.804986
 -7.685632
 -7.567750
 -7.451328
 -7.336354
 -7.222816
 -7.110702
 -7.000000
 -6.890698
 -6.782784
 -6.676246
 -6.571072
 -6.467250
 -6.364768
 -6.263614
 -6.163776
 -6.065242
 -5.968000
 -5.872038
 -5.777344
 -5.683906
 -5.591712
 -5.500750
 -5.411008
 -5.322474
 -5.235136
 -5.148982
 -5.064000
 -4.980178
 -4.897504
 -4.815966
 -4.735552
 -4.656250
 -4.578048
 -4.500934
 -4.424896
 -4.349922
 -4.276000
 -4.203118
 -4.131264
 -4.060426
 -3.990592
 -3.921750
 -3.853888
 -3.786994
 -3.721056
 -3.656062
 -3.592000
 -3.528858
 -3.466624
 -3.405286
 -3.344832
 -3.285250
 -3.226528
 -3.168654
 -3.111616
 -3.055402
 -3.000000
 -2.945398
 -2.891584
 -2.838546
 -2.786272
 -2.734750
 -2.683968
 -2.633914
 -2.584576
 -2.535942
 -2.488000
 -2.440738
 -2.394144
 -2.348206
 -2.302912
 -2.258250
 -2.214208
 -2.170774
 -2.127936
 -2.085682
 -2.044000
 -2.002878
 -1.962304
 -1.922266
 -1.882752
 -1.843750
 -1.805248
 -1.767234
 -1.729696
 -1.692622
 -1.656000
 -1.619818
 -1.584064
 -1.548726
 -1.513792
 -1.479250
 -1.445088
 -1.411294
 -1.377856
 -1.344762
 -1.312000
 -1.279558
 -1.247424
 -1.215586
 -1.184032
 -1.152750
 -1.121728
 -1.090954
 -1.060416
 -1.030102
 -1.000000
 -0.970098
 -0.940384
 -0.910846
 -0.881472
 -0.852250
 -0.823168
 -0.794214
 -0.765376
 -0.736642
 -0.708000
 -0.679438
 -0.650944
 -0.622506
 -0.594112
 -0.565750
 -0.537408
 -0.509074
 -0.480736
 -0.452382
 -0.424000
 -0.395578
 -0.367104
 -0.338566
 -0.309952
 -0.281250
 -0.252448
 -0.223534
 -0.194496
 -0.165322
 -0.136000
 -0.106518
 -0.076864
 -0.047026
 -0.016992
  0.013250
  0.043712
  0.074406
  0.105344
  0.136538
  0.168000
  0.199742
  0.231776
  0.264114
  0.296768
  0.329750
  0.363072
  0.396746
  0.430784
  0.465198
  0.500000
  0.535202
  0.570816
  0.606854
  0.643328
  0.680250
  0.717632
  0.755486
  0.793824
  0.832658
  0.872000
  0.911862
  0.952256
  0.993194
  1.034688
  1.076750
  1.119392
  1.162626
  1.206464
  1.250918
  1.296000
  1.341722
  1.388096
  1.435134
  1.482848
  1.531250
  1.580352
  1.630166
  1.680704
  1.731978
  1.784000
  1.836782
  1.890336
  1.944674
  1.999808
  2.055750
  2.112512
  2.170106
  2.228544
  2.287838
  2.348000
  2.409042
  2.470976
  2.533814
  2.597568
  2.662250
  2.727872
  2.794446
  2.861984
  2.930498
  3.000000
  3.070502
  3.142016
  3.214554
  3.288128
  3.362750
  3.438432
  3.515186
  3.593024
  3.671958
  3.752000
  3.833162
  3.915456
  3.998894
  4.083488
  4.169250
  4.256192
  4.344326
  4.433664
  4.524218
  4.616000
  4.709022
  4.803296
  4.898834
  4.995648
  5.093750
  5.193152
  5.293866
  5.395904
  5.499278
  5.604000
  5.710082
  5.817536
  5.926374
  6.036608
  6.148250
  6.261312
  6.375806
  6.491744
  6.609138
  6.728000
  6.848342
  6.970176
  7.093514
  7.218368
  7.344750
  7.472672
  7.602146
  7.733184
  7.865798
  8.000000
  8.135802
  8.273216
  8.412254
  8.552928
  8.695250
  8.839232
  8.984886
  9.132224
  9.281258
  9.432000
  9.584462
  9.738656
  9.894594
 10.052288
 10.211750
 10.372992
 10.536026
 10.700864
 10.867518
 11.036000
 11.206322
 11.378496
 11.552534
 11.728448
 11.906250
 12.085952
 12.267566
 12.451104
 12.636578
 12.824000
 13.013382
 13.204736
 13.398074
 13.593408
 13.790750
 13.990112
 14.191506
 14.394944
 14.600438
 14.808000
 15.017642
 15.229376
 15.443214
 15.659168
 15.877250
 16.097472
 16.319846
 16.544384
 16.771098
 17.000000
 17.231102
 17.464416
 17.699954
 17.937728
 18.177750
 18.420032
 18.664586
 18.911424
 19.160558
 19.412000
 19.665762
 19.921856
 20.180294
 20.441088
 20.704250
 20.969792
 21.237726
 21.508064
 21.780818
 22.056000
 22.333622
 22.613696
 22.896234
 23.181248
 23.468750
 23.758752
 24.051266
 24.346304
 24.643878
 24.944000
 25.246682
 25.551936
 25.859774
 26.170208
 26.483250
 26.798912
 27.117206
 27.438144
 27.761738
 28.088000
 28.416942
 28.748576
 29.082914
 29.419968
 29.759750
 30.102272
 30.447546
 30.795584
 31.146398
 31.500000
 31.856402
 32.215616
 32.577654
 32.942528
 33.310250
 33.680832
 34.054286
 34.430624
 34.809858
 35.192000
 35.577062
 35.965056
 36.355994
 36.749888
 37.146750
 37.546592
 37.949426
 38.355264
 38.764118
 39.176000
 39.590922
 40.008896
 40.429934
 40.854048
 41.281250
 41.711552
 42.144966
 42.581504
 43.021178
 43.464000
 43.909982
 44.359136
 44.811474
 45.267008
 45.725750
 46.187712
 46.652906
 47.121344
 47.593038
 48.068000
 48.546242
 49.027776
 49.512614
 50.000768
 50.492250
 50.987072
 51.485246
 51.986784
 52.491698
 53.000000
