-25.000000
-24.740899
-24.483592
-24.228073
-23.974336
-23.722375
-23.472184
-23.223757
-22.977088
-22.732171
-22.489000
-22.247569
-22.007872
-21.769903
-21.533656
-21.299125
-21.066304
-20.835187
-20.605768
-20.378041
-20.152000
-19.927639
-19.704952
-19.483933
-19.264576
-19.046875
-18.830824
-18.616417
-18.403648
-18.192511
-17.983000
-17.775109
-17.568832
-17.364163
-17.161096
-16.959625
-16.759744
-16.561447
-16.364728
-16.169581
-15.976000
-15.783979
-15.593512
-15.404593
-15.217216
-15.031375
-14.847064
-14.664277
-14.483008
-14.303251
-14.125000
-13.948249
-13.772992
-13.599223
-13.426936
-13.256125
-13.086784
-12.918907
-12.752488
-12.587521
-12.424000
-12.261919
-12.101272
-11.942053
-11.784256
-11.627875
-11.472904
-11.319337
-11.167168
-11.016391
-10.867000
-10.718989
-10.572352
-10.427083
-10.283176
-10.140625
 -9.999424
 -9.859567
 -9.721048
 -9.583861
 -9.448000
 -9.313459
 -9.180232
 -9.048313
 -8.917696
 -8.788375
 -8.660344
 -8.533597
 -8.408128
 -8.283931
 -8.161000
 -8.039329
 -7.918912
 -7.799743
 -7.681816
 -7.565125
 -7.449664
 -7.335427
 -7.222408
 -7.110601
 -7.000000
 -6.890599
 -6.782392
 -6.675373
 -6.569536
 -6.464875
 -6.361384
 -6.259057
 -6.157888
 -6.057871
 -5.959000
 -5.861269
 -5.764672
 -5.669203
 -5.574856
 -5.481625
 -5.389504
 -5.298487
 -5.208568
 -5.119741
 -5.032000
 -4.945339
 -4.859752
 -4.775233
 -4.691776
 -4.609375
 -4.528024
 -4.447717
 -4.368448
 -4.290211
 -4.213000
 -4.136809
 -4.061632
 -3.987463
 -3.914296
 -3.842125
 -3.770944
 -3.700747
 -3.631528
 -3.563281
 -3.496000
 -3.429679
 -3.364312
 -3.299893
 -3.236416
 -3.173875
 -3.112264
 -3.051577
 -2.991808
 -2.932951
 -2.875000
 -2.817949
 -2.761792
 -2.706523
 -2.652136
 -2.598625
 -2.545984
 -2.494207
 -2.443288
 -2.393221
 -2.344000
 -2.295619
 -2.248072
 -2.201353
 -2.155456
 -2.110375
 -2.066104
 -2.022637
 -1.979968
 -1.938091
 -1.897000
 -1.856689
 -1.817152
 -1.778383
 -1.740376
 -1.703125
 -1.666624
 -1.630867
 -1.595848
 -1.561561
 -1.528000
 -1.495159
 -1.463032
 -1.431613
 -1.400896
 -1.370875
 -1.341544
 -1.312897
 -1.284928
 -1.257631
 -1.231000
 -1.205029
 -1.179712
 -1.155043
 -1.131016
 -1.107625
 -1.084864
 -1.062727
 -1.041208
 -1.020301
 -1.000000
 -0.980299
 -0.961192
 -0.942673
 -0.924736
 -0.907375
 -0.890584
 -0.874357
 -0.858688
 -0.843571
 -0.829000
 -0.814969
 -0.801472
 -0.788503
 -0.776056
 -0.764125
 -0.752704
 -0.741787
 -0.731368
 -0.721441
 -0.712000
 -0.703039
 -0.694552
 -0.686533
 -0.678976
 -0.671875
 -0.665224
 -0.659017
 -0.653248
 -0.647911
 -0.643000
 -0.638509
 -0.634432
 -0.630763
 -0.627496
 -0.624625
 -0.622144
 -0.620047
 -0.618328
 -0.616981
 -0.616000
 -0.615379
 -0.615112
 -0.615193
 -0.615616
 -0.616375
 -0.617464
 -0.618877
 -0.620608
 -0.622651
 -0.625000
 -0.627649
 -0.630592
 -0.633823
 -0.637336
 -0.641125
 -0.645184
 -0.649507
 -0.654088
 -0.658921
 -0.664000
 -0.669319
 -0.674872
 -0.680653
 -0.686656
 -0.692875
 -0.699304
 -0.705937
 -0.712768
 -0.719791
 -0.727000
 -0.734389
 -0.741952
 -0.749683
 -0.757576
 -0.765625
 -0.773824
 -0.782167
 -0.790648
 -0.799261
 -0.808000
 -0.816859
 -0.825832
 -0.834913
 -0.844096
 -0.853375
 -0.862744
 -0.872197
 -0.881728
 -0.891331
 -0.901000
 -0.910729
 -0.920512
 -0.930343
 -0.940216
 -0.950125
 -0.960064
 -0.970027
 -0.980008
 -0.990001
 -1.000000
 -1.009999
 -1.019992
 -1.029973
 -1.039936
 -1.049875
 -1.059784
 -1.069657
 -1.079488
 -1.089271
 -1.099000
 -1.108669
 -1.118272
 -1.127803
 -1.137256
 -1.146625
 -1.155904
 -1.165087
 -1.174168
 -1.183141
 -1.192000
 -1.200739
 -1.209352
 -1.217833
 -1.226176
 -1.234375
 -1.242424
 -1.250317
 -1.258048
 -1.265611
 -1.273000
 -1.280209
 -1.287232
 -1.294063
 -1.300696
 -1.307125
 -1.313344
 -1.319347
 -1.325128
 -1.330681
 -1.336000
 -1.341079
 -1.345912
 -1.350493
 -1.354816
 -1.358875
 -1.362664
 -1.366177
 -1.369408
 -1.372351
 -1.375000
 -1.377349
 -1.379392
 -1.381123
 -1.382536
 -1.383625
 -1.384384
 -1.384807
 -1.384888
 -1.384621
 -1.384000
 -1.383019
 -1.381672
 -1.379953
 -1.377856
 -1.375375
 -1.372504
 -1.369237
 -1.365568
 -1.361491
 -1.357000
 -1.352089
 -1.346752
 -1.340983
 -1.334776
 -1.328125
 -1.321024
 -1.313467
 -1.305448
 -1.296961
 -1.288000
 -1.278559
 -1.268632
 -1.258213
 -1.247296
 -1.235875
 -1.223944
 -1.211497
 -1.198528
 -1.185031
 -1.171000
 -1.156429
 -1.141312
 -1.125643
 -1.109416
 -1.092625
 -1.075264
 -1.057327
 -1.038808
 -1.019701
 -1.000000
 -0.979699
 -0.958792
 -0.937273
 -0.915136
 -0.892375
 -0.868984
 -0.844957
 -0.820288
 -0.794971
 -0.769000
 -0.742369
 -0.715072
 -0.687103
 -0.658456
 -0.629125
 -0.599104
 -0.568387
 -0.536968
 -0.504841
 -0.472000
 -0.438439
 -0.404152
 -0.369133
 -0.333376
 -0.296875
 -0.259624
 -0.221617
 -0.182848
 -0.143311
 -0.103000
 -0.061909
 -0.020032
  0.022637
  0.066104
  0.110375
  0.155456
  0.201353
  0.248072
  0.295619
  0.344000
  0.393221
  0.443288
  0.494207
  0.545984
  0.598625
  0.652136
  0.706523
  0.761792
  0.817949
  0.875000
  0.932951
  0.991808
  1.051577
  1.112264
  1.173875
  1.236416
  1.299893
  1.364312
  1.429679
  1.496000
  1.563281
  1.631528
  1.700747
  1.770944
  1.842125
  1.914296
  1.987463
  2.061632
  2.136809
  2.213000
  2.290211
  2.368448
  2.447717
  2.528024
  2.609375
  2.691776
  2.775233
  2.859752
  2.945339
  3.032000
  3.119741
  3.208568
  3.298487
  3.389504
  3.481625
  3.574856
  3.669203
  3.764672
  3.861269
  3.959000
  4.057871
  4.157888
  4.259057
  4.361384
  4.464875
  4.569536
  4.675373
  4.782392
  4.890599
  5.000000
  5.110601
  5.222408
  5.335427
  5.449664
  5.565125
  5.681816
  5.799743
  5.918912
  6.039329
  6.161000
  6.283931
  6.408128
  6.533597
  6.660344
  6.788375
  6.917696
  7.048313
  7.180232
  7.313459
  7.448000
  7.583861
  7.721048
  7.859567
  7.999424
  8.140625
  8.283176
  8.427083
  8.572352
  8.718989
  8.867000
  9.016391
  9.167168
  9.319337
  9.472904
  9.627875
  9.784256
  9.942053
 10.101272
 10.261919
 10.424000
 10.587521
 10.752488
 10.918907
 11.086784
 11.256125
 11.426936
 11.599223
 11.772992
 11.948249
 12.125000
 12.303251
 12.483008
 12.664277
 12.847064
 13.031375
 13.217216
 13.404593
 13.593512
 13.783979
 13.976000
 14.169581
 14.364728
 14.561447
 14.759744
 14.959625
 15.161096
 15.364163
 15.568832
 15.775109
 15.983000
 16.192511
 16.403648
 16.616417
 16.830824
 17.046875
 17.264576
 17.483933
 17.704952
 17.927639
 18.152000
 18.378041
 18.605768
 18.835187
 19.066304
 19.299125
 19.533656
 19.769903
 20.007872
 20.247569
 20.489000
 20.732171
 20.977088
 21.223757
 21.472184
 21.722375
 21.974336
 22.228073
 22.483592
 22.740899
 23.000000
