  0.000000
  0.000016
  0.000032
  0.000047
  0.000062
  0.000076
  0.000090
  0.000103
  0.000116
  0.000128
  0.000140
  0.000151
  0.000162
  0.000172
  0.000182
  0.000192
  0.000201
  0.000209
  0.000217
  0.000225
  0.000232
  0.000239
  0.000246
  0.000252
  0.000258
  0.000263
  0.000268
  0.000273
  0.000278
  0.000282
  0.000285
  0.000289
  0.000292
  0.000294
  0.000297
  0.000299
  0.000301
  0.000302
  0.000303
  0.000304
  0.000305
  0.000305
  0.000305
  0.000305
  0.000305
  0.000304
  0.000303
  0.000302
  0.000301
  0.000299
  0.000297
  0.000295
  0.000293
  0.000290
  0.000287
  0.000285
  0.000281
  0.000278
  0.000274
  0.000271
  0.000267
  0.000263
  0.000259
  0.000254
  0.000249
  0.000245
  0.000240
  0.000235
  0.000229
  0.000224
  0.000219
  0.000213
  0.000207
  0.000201
  0.000195
  0.000189
  0.000182
  0.000176
  0.000169
  0.000163
  0.000156
  0.000149
  0.000142
  0.000135
  0.000128
  0.000120
  0.000113
  0.000105
  0.000098
  0.000090
  0.000082
  0.000074
  0.000066
  0.000058
  0.000050
  0.000042
  0.000034
  0.000025
  0.000017
  0.000009
  0.000000
