  0.000000
  0.000016
  0.000032
  0.000047
  0.000062
  0.000076
  0.000089
  0.000103
  0.000115
  0.000127
  0.000139
  0.000150
  0.000161
  0.000171
  0.000181
  0.000190
  0.000199
  0.000208
  0.000216
  0.000223
  0.000231
  0.000237
  0.000244
  0.000250
  0.000256
  0.000261
  0.000266
  0.000271
  0.000275
  0.000279
  0.000283
  0.000286
  0.000289
  0.000292
  0.000294
  0.000296
  0.000298
  0.000299
  0.000301
  0.000302
  0.000302
  0.000303
  0.000303
  0.000302
  0.000302
  0.000301
  0.000300
  0.000299
  0.000298
  0.000296
  0.000294
  0.000292
  0.000290
  0.000288
  0.000285
  0.000282
  0.000279
  0.000276
  0.000272
  0.000268
  0.000264
  0.000260
  0.000256
  0.000252
  0.000247
  0.000243
  0.000238
  0.000233
  0.000227
  0.000222
  0.000217
  0.000211
  0.000205
  0.000199
  0.000193
  0.000187
  0.000181
  0.000174
  0.000168
  0.000161
  0.000155
  0.000148
  0.000141
  0.000134
  0.000126
  0.000119
  0.000112
  0.000104
  0.000097
  0.000089
  0.000081
  0.000074
  0.000066
  0.000058
  0.000050
  0.000042
  0.000033
  0.000025
  0.000017
  0.000008
  0.000000
